DATE,8770971,8771341,8771450,8771013,8770613
2017-08-24 00:00:00,0.276,0.275,0.293,0.245,0.146
2017-08-24 01:00:00,0.283,0.187,0.253,0.265,0.183
2017-08-24 02:00:00,0.315,0.113,0.197,0.297,0.204
2017-08-24 03:00:00,0.302,0.058,0.154,0.287,0.237
2017-08-24 04:00:00,0.275,0.023,0.112,0.267,0.255
2017-08-24 05:00:00,0.203,0.015,0.085,0.250,0.204
2017-08-24 06:00:00,0.175,0.030,0.079,0.217,0.163
2017-08-24 07:00:00,0.184,0.077,0.118,0.208,0.119
2017-08-24 08:00:00,0.126,0.149,0.154,0.159,0.047
2017-08-24 09:00:00,0.100,0.249,0.220,0.170,-0.007
2017-08-24 10:00:00,0.115,0.307,0.286,0.157,-0.022
2017-08-24 11:00:00,0.145,0.332,0.320,0.205,0.013
2017-08-24 12:00:00,0.202,0.342,0.353,0.233,0.051
2017-08-24 13:00:00,0.249,0.348,0.343,0.253,0.109
2017-08-24 14:00:00,0.298,0.314,0.307,0.325,0.130
2017-08-24 15:00:00,0.309,0.193,0.240,0.310,0.191
2017-08-24 16:00:00,0.307,0.171,0.216,0.289,0.241
2017-08-24 17:00:00,0.306,0.127,0.238,0.333,0.265
2017-08-24 18:00:00,0.266,0.139,0.245,0.282,0.266
2017-08-24 19:00:00,0.222,0.152,0.240,0.302,0.199
2017-08-24 20:00:00,0.209,0.245,0.289,0.230,0.269
2017-08-24 21:00:00,0.192,0.282,0.301,0.257,0.075
2017-08-24 22:00:00,0.208,0.332,0.304,0.250,0.179
2017-08-24 23:00:00,0.238,0.426,0.412,0.337,0.192
2017-08-25 00:00:00,0.223,0.412,0.455,0.389,0.190
2017-08-25 01:00:00,0.282,0.345,0.411,0.373,0.238
2017-08-25 02:00:00,0.355,0.349,0.397,0.409,0.314
2017-08-25 03:00:00,0.315,0.330,0.414,0.458,0.263
2017-08-25 04:00:00,0.234,0.331,0.389,0.471,0.416
2017-08-25 05:00:00,0.303,0.278,0.349,0.446,0.362
2017-08-25 06:00:00,0.342,0.314,0.372,0.443,0.358
2017-08-25 07:00:00,0.345,0.361,0.362,0.427,0.331
2017-08-25 08:00:00,0.302,0.455,0.448,0.467,0.280
2017-08-25 09:00:00,0.302,0.565,0.497,0.434,0.275
2017-08-25 10:00:00,0.300,0.587,0.601,0.483,0.264
2017-08-25 11:00:00,0.320,0.668,0.610,0.415,0.322
2017-08-25 12:00:00,0.357,0.654,0.680,0.611,0.301
2017-08-25 13:00:00,0.436,0.743,0.733,0.561,0.524
2017-08-25 14:00:00,0.428,0.508,0.614,0.641,0.491
2017-08-25 15:00:00,0.547,0.541,0.589,0.642,0.547
2017-08-25 16:00:00,0.503,0.548,0.681,0.739,0.639
2017-08-25 17:00:00,0.390,0.576,0.629,0.719,0.602
2017-08-25 18:00:00,0.369,0.626,0.679,0.714,0.583
2017-08-25 19:00:00,0.352,0.618,0.654,0.739,0.585
2017-08-25 20:00:00,0.315,0.571,0.625,0.753,0.629
2017-08-25 21:00:00,0.276,0.712,0.711,0.750,0.607
2017-08-25 22:00:00,0.231,0.711,0.787,0.817,0.591
2017-08-25 23:00:00,0.224,0.741,0.750,0.772,0.650
2017-08-26 00:00:00,0.178,0.762,0.765,0.904,0.732
2017-08-26 01:00:00,0.082,0.810,0.829,0.954,0.753
2017-08-26 02:00:00,0.048,0.685,0.831,0.931,0.836
2017-08-26 03:00:00,0.070,0.614,0.746,0.943,0.812
2017-08-26 04:00:00,0.147,0.515,0.658,0.969,0.957
2017-08-26 05:00:00,0.155,0.583,0.703,0.917,0.970
2017-08-26 06:00:00,0.170,0.639,0.673,0.911,0.869
2017-08-26 07:00:00,0.294,0.637,0.697,0.876,0.909
2017-08-26 08:00:00,0.404,0.724,0.783,0.861,0.821
2017-08-26 09:00:00,0.387,0.732,0.781,0.866,0.794
2017-08-26 10:00:00,0.491,0.745,0.793,0.852,0.843
2017-08-26 11:00:00,0.539,0.747,0.798,0.893,0.865
2017-08-26 12:00:00,0.469,0.857,0.861,0.895,0.985
2017-08-26 13:00:00,0.524,0.792,0.860,0.999,1.041
2017-08-26 14:00:00,0.551,0.948,0.934,1.024,1.161
2017-08-26 15:00:00,0.727,0.769,0.815,0.968,1.230
2017-08-26 16:00:00,1.065,0.581,0.688,1.026,1.126
2017-08-26 17:00:00,0.857,0.759,0.699,1.002,1.262
2017-08-26 18:00:00,0.936,0.650,0.701,1.054,1.087
2017-08-26 19:00:00,1.061,0.432,0.590,0.991,1.074
2017-08-26 20:00:00,0.800,0.430,0.534,0.998,1.020
2017-08-26 21:00:00,0.780,0.432,0.559,0.934,0.921
2017-08-26 22:00:00,0.673,0.428,0.565,0.866,0.884
2017-08-26 23:00:00,0.587,0.503,0.566,0.826,0.828
2017-08-27 00:00:00,0.516,0.464,0.618,0.822,0.815
2017-08-27 01:00:00,0.433,0.502,0.612,0.791,0.768
2017-08-27 02:00:00,0.429,0.538,0.540,0.758,0.730
2017-08-27 03:00:00,0.402,0.537,0.559,0.785,0.709
2017-08-27 04:00:00,0.339,0.600,0.606,0.724,0.665
2017-08-27 05:00:00,0.295,0.667,0.658,0.789,0.722
2017-08-27 06:00:00,0.267,0.605,0.656,0.729,0.832
2017-08-27 07:00:00,0.271,0.611,0.641,0.736,0.758
2017-08-27 08:00:00,0.539,0.656,0.658,0.709,0.755
2017-08-27 09:00:00,0.555,0.734,0.694,0.861,0.860
2017-08-27 10:00:00,0.466,0.784,0.855,0.913,1.148
2017-08-27 11:00:00,0.580,0.783,0.790,1.000,1.104
2017-08-27 12:00:00,0.977,0.796,0.735,1.045,1.188
2017-08-27 13:00:00,0.926,0.765,0.783,1.003,1.269
2017-08-27 14:00:00,1.069,0.746,0.829,1.065,1.175
2017-08-27 15:00:00,1.046,0.710,0.835,1.096,1.179
2017-08-27 16:00:00,1.133,0.516,0.649,1.105,1.214
2017-08-27 17:00:00,0.968,0.426,0.628,1.098,1.180
2017-08-27 18:00:00,0.837,0.467,0.533,1.089,1.139
2017-08-27 19:00:00,0.773,0.456,0.577,1.111,1.252
2017-08-27 20:00:00,0.669,0.490,0.580,1.051,1.225
2017-08-27 21:00:00,0.708,0.423,0.571,0.914,1.076
2017-08-27 22:00:00,0.889,0.451,0.546,0.872,0.949
2017-08-27 23:00:00,0.831,0.469,0.551,0.889,0.955
2017-08-28 00:00:00,0.759,0.476,0.585,0.882,0.967
2017-08-28 01:00:00,0.724,0.618,0.624,0.879,0.928
2017-08-28 02:00:00,0.702,0.684,0.654,0.879,0.902
2017-08-28 03:00:00,0.623,0.789,0.702,0.930,0.949
2017-08-28 04:00:00,0.566,0.815,0.776,0.972,0.940
2017-08-28 05:00:00,0.570,0.875,0.867,0.964,1.034
2017-08-28 06:00:00,0.929,0.855,0.848,0.941,1.015
2017-08-28 07:00:00,0.904,0.818,0.795,0.994,1.006
2017-08-28 08:00:00,0.872,0.810,0.831,1.046,1.105
2017-08-28 09:00:00,0.929,0.791,0.830,1.039,1.073
2017-08-28 10:00:00,0.937,0.812,0.819,0.986,1.008
2017-08-28 11:00:00,0.980,0.830,0.836,0.984,1.019
2017-08-28 12:00:00,0.952,0.825,0.851,1.008,1.022
2017-08-28 13:00:00,0.933,0.825,0.808,0.997,1.047
2017-08-28 14:00:00,0.941,0.849,0.829,1.021,1.004
2017-08-28 15:00:00,0.852,0.776,0.756,1.038,1.098
2017-08-28 16:00:00,0.868,0.826,0.806,1.061,1.124
2017-08-28 17:00:00,0.827,0.810,0.786,1.045,1.094
2017-08-28 18:00:00,0.887,0.672,0.703,1.021,1.074
2017-08-28 19:00:00,0.918,0.520,0.611,1.014,1.094
2017-08-28 20:00:00,0.849,0.510,0.583,0.999,1.123
2017-08-28 21:00:00,0.809,0.447,0.582,1.010,1.045
2017-08-28 22:00:00,0.763,0.515,0.554,0.952,1.050
2017-08-28 23:00:00,0.770,0.588,0.621,0.918,1.027
2017-08-29 00:00:00,0.741,0.637,0.595,0.989,1.036
2017-08-29 01:00:00,0.700,0.679,0.660,1.052,1.111
2017-08-29 02:00:00,0.594,0.800,0.787,1.098,1.062
2017-08-29 03:00:00,0.639,0.862,0.848,1.112,1.144
2017-08-29 04:00:00,0.582,1.005,0.983,1.234,1.098
2017-08-29 05:00:00,0.635,0.877,0.956,1.215,1.154
2017-08-29 06:00:00,0.790,0.849,0.893,1.180,1.118
2017-08-29 07:00:00,0.826,0.873,0.848,1.134,1.178
2017-08-29 08:00:00,0.861,0.862,0.883,1.122,1.107
2017-08-29 09:00:00,0.923,0.871,0.967,1.140,1.176
2017-08-29 10:00:00,0.896,0.840,0.926,1.133,1.147
2017-08-29 11:00:00,0.942,0.794,0.873,1.125,1.157
2017-08-29 12:00:00,0.903,0.849,0.901,1.176,1.164
2017-08-29 13:00:00,0.853,0.862,0.908,1.148,1.162
2017-08-29 14:00:00,0.859,0.849,0.900,1.147,1.137
2017-08-29 15:00:00,0.885,0.821,0.927,1.087,1.140
2017-08-29 16:00:00,0.926,0.780,0.896,1.101,1.107
2017-08-29 17:00:00,0.909,0.641,0.815,1.088,1.093
2017-08-29 18:00:00,0.917,0.543,0.722,1.031,1.111
2017-08-29 19:00:00,0.892,0.425,0.668,0.991,1.029
2017-08-29 20:00:00,0.929,0.316,0.567,0.924,0.980
2017-08-29 21:00:00,0.915,0.282,0.474,0.857,0.940
2017-08-29 22:00:00,0.875,0.204,0.417,0.805,0.943
2017-08-29 23:00:00,0.842,0.135,0.329,0.726,0.904
2017-08-30 00:00:00,0.808,0.143,0.308,0.674,0.873
2017-08-30 01:00:00,0.733,0.205,0.292,0.640,0.837
2017-08-30 02:00:00,0.713,0.151,0.307,0.608,0.791
2017-08-30 03:00:00,0.816,0.237,0.300,0.574,0.783
2017-08-30 04:00:00,0.743,0.362,0.351,0.540,0.760
2017-08-30 05:00:00,0.748,0.433,0.440,0.533,0.747
2017-08-30 06:00:00,0.741,0.485,0.474,0.569,0.726
2017-08-30 07:00:00,0.732,0.439,0.476,0.553,0.703
2017-08-30 08:00:00,0.810,0.402,0.444,0.529,0.716
2017-08-30 09:00:00,0.918,0.349,0.370,0.511,0.711
2017-08-30 10:00:00,0.937,0.263,0.281,0.485,0.686
2017-08-30 11:00:00,0.980,0.197,0.225,0.467,0.670
2017-08-30 12:00:00,0.972,0.185,0.198,0.474,0.650
2017-08-30 13:00:00,0.924,0.097,0.166,0.461,0.651
2017-08-30 14:00:00,0.887,0.049,0.112,0.445,0.631
2017-08-30 15:00:00,0.893,0.011,0.054,0.437,0.612
2017-08-30 16:00:00,0.803,-0.006,0.046,0.431,0.625
2017-08-30 17:00:00,0.725,-0.034,0.033,0.418,0.595
2017-08-30 18:00:00,0.670,-0.058,0.011,0.391,0.589
2017-08-30 19:00:00,0.673,-0.128,-0.048,0.389,0.546
2017-08-30 20:00:00,0.612,-0.166,-0.082,0.370,0.555
2017-08-30 21:00:00,0.554,-0.238,-0.147,0.347,0.516
2017-08-30 22:00:00,0.494,-0.311,-0.219,0.320,0.485
2017-08-30 23:00:00,0.435,-0.334,-0.262,0.262,0.469
2017-08-31 00:00:00,0.391,-0.376,-0.293,0.249,0.457
